2
3
5
9
13
14
16
17
20
21
22
24
27
28
30
31
33
34
35
42
43
45
46
50
51
52
54
55
56
58
60
62
63
64
65
67
70
71
73
74
76
78
79
81
83
86
90
91
93
94
97
103
104
107
109
110
112
114
115
117
119
120
121
123
125
126
127
128
129
130
131
133
134
135
137
139
142
144
145
146
147
149
152
156
157
159
164
167
168
171
172
175
176
177
178
180
182
184
187
188
189
191
193
195
197
198
201
204
206
212
214
215
217
225
226
233
234
236
240
241
242
243
244
246
251
252
253
254
255
256
258
259
260
262
263
264
267
268
271
272
273
276
277
278
279
280
283
284
287
288
289
292
296
299
300
301
303
306
307
310
311
312
314
315
317
319
320
322
324
327
329
330
331
332
333
334
335
336
337
344
347
349
352
355
356
358
360
362
364
369
372
374
375
378
379
382
383
386
389
390
395
396
398
399
400
401
406
407
411
413
416
419
420
421
423
428
430
435
436
437
439
442
443
446
450
452
455
457
461
462
463
464
465
469
473
474
476
477
480
481
482
483
486
491
492
494
495
497
499
500
501
503
504
505
506
507
510
511
513
515
516
518
519
521
522
525
527
529
530
534
535
536
538
542
543
547
548
550
552
556
557
559
560
561
564
565
566
568
570
573
576
577
578
579
580
581
586
590
591
592
596
597
599
600
602
608
609
610
611
612
614
616
617
618
622
626
628
629
631
635
637
639
640
641
642
644
648
649
651
652
653
656
657
658
659
660
661
662
665
666
668
670
672
673
675
676
680
681
682
685
686
687
689
690
691
692
693
694
695
696
698
700
701
702
703
705
706
708
709
711
717
718
719
721
722
723
724
725
727
728
730
731
732
734
739
740
741
742
745
746
748
751
753
754
756
759
762
763
770
771
772
773
775
776
777
782
784
786
787
789
790
791
792
793
794
796
797
798
802
804
807
808
811
812
813
814
816
819
827
830
832
834
835
836
837
839
841
842
843
846
851
852
857
859
862
863
866
867
870
872
874
875
878
880
882
886
888
894
898
903
904
905
906
907
908
909
910
911
912
915
916
920
921
922
925
926
928
931
932
935
936
937
938
939
940
941
942
945
947
951
954
955
957
959
960
964
970
973
975
977
983
985
986
995
1000
1001
1002
1004
1007
1009
1012
1014
1015
1018
1019
1021
1022
1024
1025
1028
1029
1032
1033
1036
1037
1038
1040
1041
1042
1043
1045
1048
1051
1052
1053
1054
1055
1057
1058
1064
1066
1069
1070
1071
1074
1077
1078
1079
1080
1083
1088
1089
1096
1097
1098
1099
1100
1101
1102
1104
1106
1107
1109
1112
1118
1120
1121
1123
1125
1128
1131
1133
1134
1139
1144
1145
1146
1147
1149
1150
1152
1153
1156
1157
1161
1165
1170
1171
1172
1173
1175
1182
1185
1188
