1
2
3
4
7
8
9
10
12
15
17
18
19
23
26
27
28
29
30
31
32
33
35
36
37
39
40
41
44
45
47
48
49
50
51
52
54
55
57
59
60
61
62
63
64
65
68
69
71
72
73
75
76
77
79
83
84
86
87
88
91
92
93
94
95
97
98
99
101
104
105
106
107
108
109
110
111
112
113
114
115
117
118
119
121
124
125
126
127
128
129
130
134
136
137
138
140
141
142
143
144
145
146
147
149
151
152
154
156
158
159
160
161
162
163
164
167
169
170
171
172
173
175
176
177
179
181
183
185
186
188
189
190
191
193
194
195
196
197
199
200
201
202
203
204
206
208
210
212
214
215
216
217
218
219
220
223
224
226
227
229
230
231
232
233
234
235
236
237
238
240
241
242
243
244
246
248
250
251
252
253
254
255
257
258
259
260
261
262
263
265
267
270
271
272
273
276
277
278
280
281
282
283
286
288
290
291
292
293
294
295
296
297
299
300
301
302
303
305
306
307
311
313
314
315
316
317
320
321
322
324
326
327
328
329
331
332
333
334
335
337
339
340
341
343
346
347
353
354
355
357
358
361
363
364
366
368
371
372
374
375
376
377
379
381
382
383
384
385
386
387
388
389
390
391
396
397
398
